2 0.257846 0.697411 0.515498 0.331158
2 0.721141 0.504915 0.489396 0.285481
2 0.379651 0.369516 0.289288 0.197390
2 0.778781 0.293659 0.269712 0.189233
2 0.140391 0.245535 0.241436 0.148450
2 0.296997 0.303447 0.258836 0.156607
2 0.081663 0.504100 0.145731 0.218597
2 0.583022 0.226775 0.269712 0.146819
2 0.402490 0.184361 0.221860 0.123980
2 0.709178 0.132158 0.204459 0.114192
2 0.863610 0.154997 0.221860 0.097879
2 0.943001 0.428243 0.102229 0.239804
2 0.547133 0.111767 0.171833 0.112561
2 0.256758 0.188439 0.182708 0.122349